4182536
4211263
4158066
4135338
4133534
4224809
4143582
4148382
4143488
4225868
4171282
4244468
4156969
4151640
4136460
4222325
4233198
4219153
4168102
4233937
4222770
4202570
4204496
4140797
4146044
4195798
4172349
4235593
4224656
4244245
4222081
4171224
4226215
4221364
4168117
4242823
4225305
4147332
4224567
4170922
4226294
4195495
4133540
4226909
4194071
4137521
4149301
4171534
4153798
4221547
4224815
4234074
4238921
ayanami-rei-neon-genesis-evangelion-makinami-mari-illustrious-asuka-langley-soryu-1980x1200-wallp-anime-evangelion-hd-art-wallpaper-sgvhy
4439027
